0
0
711
50
2
1
1
1
1
0
2
1
1
2
0
1
0
2
0
1
2
0
1
0
0
1
1
1
5
1
5
0
1
0
5
1
200
-2160
200
-180
400
-1680
600
-2160
800
-720
1000
-2160
1400
-2160
1400
-1200
1600
-480
200
-480
400
-2160
400
-1440
800
-2160
1200
-2160
1200
240
1600
-2160
200
-1920
200
780
600
-720
1200
-1200
1400
-480
1600
-360
200
-2160
200
-2160
200
-2160
200
-2160
200
-2160
400
-2160
600
-2160
600
-2160
600
-2160
600
-2160
600
-2160
1000
-2160
1400
-2160
1400
-2160
1400
-2160
1400
-2160
1400
-2160
1600
-2160
5640
50
60
2
34
45
39
43
19
24
3
169
44
55
49
55
44
40
54
0
55
65
60
64
54
61
28
169
64
75
70
75
28
67
54
0
75
85
80
85
54
58
68
169
85
95
89
94
68
12
36
0
94
105
100
104
36
66
24
169
104
115
110
114
24
67
22
0
